
Orarul zilei de joi
Aici se afla programul zilei de joi
step2 : Joi
step3 : 9.000000
step4 : 20.000000
step5 : 11.000000
step6 : 1.000000
step7 : 3.000000
step8 : 4.000000
step9 : 3.000000
step10 : 2.000000
step11 : 5.000000
step12 : 9.000000
step13 : 2.000000
